h_EDABand
-16
-16
-14
-11
-8
-4
-2
0
0
-2
-6
-12
-18
-24
-29
-32
-32
-29
-23
-16
-9
-3
0
-1
-7
-18
-32
-48
-62
-73
-78
-76
-67
-52
-33
-15
-1
5
0
-15
-41
-73
-106
-136
-156
-162
-152
-127
-91
-49
-11
17
27
15
-19
-72
-136
-201
-254
-287
-290
-261
-204
-126
-42
34
86
101
72
1
-105
-230
-352
-450
-502
-496
-425
-297
-129
51
211
319
348
280
115
-131
-425
-722
-968
-1109
-1097
-901
-510
61
776
1575
2383
3121
3712
4095
4227
4095
3712
3121
2383
1575
776
61
-510
-901
-1097
-1109
-968
-722
-425
-131
115
280
348
319
211
51
-129
-297
-425
-496
-502
-450
-352
-230
-105
1
72
101
86
34
-42
-126
-204
-261
-290
-287
-254
-201
-136
-72
-19
15
27
17
-11
-49
-91
-127
-152
-162
-156
-136
-106
-73
-41
-15
0
5
-1
-15
-33
-52
-67
-76
-78
-73
-62
-48
-32
-18
-7
-1
0
-3
-9
-16
-23
-29
-32
-32
-29
-24
-18
-12
-6
-2
0
0
-2
-4
-8
-11
-14
-16
-16
