h_PPGBand
-16
-16
-17
-17
-17
-17
-16
-16
-15
-14
-13
-11
-10
-8
-6
-5
-3
-2
-1
0
0
-1
-2
-5
-8
-12
-18
-25
-32
-41
-50
-60
-70
-80
-90
-99
-107
-114
-120
-124
-126
-125
-122
-117
-109
-99
-87
-73
-58
-42
-26
-11
3
16
25
32
34
32
25
13
-5
-28
-57
-91
-129
-170
-215
-261
-307
-352
-394
-432
-464
-489
-505
-511
-506
-488
-457
-413
-354
-282
-197
-100
9
128
254
387
524
663
800
935
1063
1183
1292
1389
1471
1536
1584
1613
1623
1613
1584
1536
1471
1389
1292
1183
1063
935
800
663
524
387
254
128
9
-100
-197
-282
-354
-413
-457
-488
-506
-511
-505
-489
-464
-432
-394
-352
-307
-261
-215
-170
-129
-91
-57
-28
-5
13
25
32
34
32
25
16
3
-11
-26
-42
-58
-73
-87
-99
-109
-117
-122
-125
-126
-124
-120
-114
-107
-99
-90
-80
-70
-60
-50
-41
-32
-25
-18
-12
-8
-5
-2
-1
0
0
-1
-2
-3
-5
-6
-8
-10
-11
-13
-14
-15
-16
-16
-17
-17
-17
-17
-16
-16
