h_PPGBand
5
6
6
6
6
6
6
5
4
3
2
0
-2
-4
-7
-10
-14
-18
-22
-26
-31
-36
-40
-45
-49
-54
-57
-61
-63
-65
-66
-66
-66
-64
-61
-58
-53
-48
-42
-36
-29
-23
-17
-11
-6
-3
0
0
-2
-6
-13
-22
-35
-50
-68
-89
-113
-140
-169
-199
-231
-264
-298
-330
-362
-392
-419
-442
-462
-477
-485
-488
-484
-473
-453
-426
-391
-348
-296
-237
-171
-98
-18
66
155
247
341
437
532
625
716
802
884
958
1026
1084
1134
1173
1201
1218
1224
1218
1201
1173
1134
1084
1026
958
884
802
716
625
532
437
341
247
155
66
-18
-98
-171
-237
-296
-348
-391
-426
-453
-473
-484
-488
-485
-477
-462
-442
-419
-392
-362
-330
-298
-264
-231
-199
-169
-140
-113
-89
-68
-50
-35
-22
-13
-6
-2
0
0
-3
-6
-11
-17
-23
-29
-36
-42
-48
-53
-58
-61
-64
-66
-66
-66
-65
-63
-61
-57
-54
-49
-45
-40
-36
-31
-26
-22
-18
-14
-10
-7
-4
-2
0
2
3
4
5
6
6
6
6
6
6
5
